camera_matrix:
- - 381.04637168443213
  - 0.0
  - 327.53223633061685
- - 0.0
  - 383.9243996163943
  - 281.0140832735412
- - 0.0
  - 0.0
  - 1.0
dist_coeff:
- - -0.40946470504428306
  - 0.20850605793187413
  - 0.00500679484074885
  - 0.0019874959435470787
  - -0.042370252333454844
